model: emnist_classifier
accuracy: 0.8885810971260071
precision: 0.6586324759954645
recall: 0.6506249999999999
f1_score: 0.6541807047716092
confusion_matrix: [[718, 2, 2, 9, 4, 0, 4, 7, 0, 0, 2, 0, 0, 4, 10, 5, 21, 2, 1, 0, 3, 0, 2, 1, 0, 3], [4, 749, 0, 6, 3, 0, 9, 15, 0, 1, 0, 3, 0, 2, 3, 0, 2, 1, 0, 0, 0, 0, 0, 0, 0, 2], [2, 1, 739, 2, 32, 0, 1, 0, 0, 0, 0, 6, 0, 0, 6, 1, 0, 4, 1, 2, 2, 0, 1, 0, 0, 0], [8, 10, 0, 726, 0, 0, 0, 1, 0, 2, 2, 0, 1, 1, 36, 6, 1, 1, 0, 0, 1, 0, 1, 0, 2, 1], [6, 5, 17, 0, 745, 2, 1, 0, 0, 1, 0, 2, 0, 0, 2, 4, 1, 5, 1, 2, 1, 0, 0, 0, 0, 5], [0, 1, 0, 1, 3, 723, 4, 0, 2, 0, 0, 1, 0, 0, 0, 32, 2, 4, 3, 19, 0, 1, 0, 0, 2, 2], [22, 18, 9, 1, 2, 4, 585, 2, 0, 7, 0, 0, 0, 1, 2, 1, 121, 1, 14, 0, 1, 0, 0, 2, 6, 1], [6, 14, 0, 3, 0, 0, 0, 717, 0, 1, 9, 8, 7, 19, 0, 1, 0, 1, 0, 3, 4, 0, 3, 1, 3, 0], [0, 2, 1, 3, 1, 1, 1, 0, 597, 15, 0, 161, 0, 0, 0, 0, 0, 4, 3, 1, 1, 0, 1, 2, 0, 6], [1, 3, 0, 12, 1, 0, 4, 0, 23, 719, 0, 4, 0, 0, 0, 0, 1, 0, 10, 19, 0, 1, 0, 1, 1, 0], [2, 4, 0, 0, 2, 5, 0, 20, 0, 1, 732, 5, 2, 2, 0, 0, 0, 7, 0, 4, 2, 1, 2, 7, 2, 0], [0, 3, 4, 0, 0, 2, 0, 7, 167, 2, 2, 603, 0, 0, 1, 1, 1, 2, 0, 2, 0, 0, 0, 0, 3, 0], [2, 0, 0, 0, 0, 0, 0, 3, 0, 0, 1, 0, 775, 8, 0, 1, 0, 0, 0, 1, 1, 0, 5, 0, 2, 1], [13, 0, 0, 8, 0, 0, 1, 12, 0, 1, 5, 0, 16, 727, 1, 1, 0, 2, 0, 0, 0, 2, 9, 1, 1, 0], [2, 1, 1, 16, 0, 0, 0, 0, 0, 0, 0, 0, 0, 2, 771, 2, 2, 0, 0, 0, 2, 0, 1, 0, 0, 0], [0, 1, 0, 5, 1, 4, 1, 1, 0, 0, 0, 0, 0, 3, 1, 775, 1, 6, 0, 0, 0, 0, 0, 0, 1, 0], [38, 2, 1, 4, 2, 7, 55, 0, 2, 2, 1, 0, 0, 1, 13, 7, 644, 2, 3, 4, 1, 1, 0, 0, 8, 2], [19, 1, 3, 0, 5, 8, 0, 0, 1, 0, 5, 3, 2, 1, 0, 4, 1, 724, 1, 7, 0, 5, 1, 3, 5, 1], [1, 0, 0, 0, 1, 1, 7, 1, 1, 5, 0, 0, 0, 0, 1, 0, 0, 0, 382, 0, 0, 0, 0, 0, 0, 0], [0, 0, 0, 0, 0, 0, 0, 0, 0, 0, 0, 0, 0, 0, 0, 0, 0, 0, 0, 0, 0, 0, 0, 0, 0, 0], [0, 0, 0, 0, 0, 0, 0, 0, 0, 0, 0, 0, 0, 0, 0, 0, 0, 0, 0, 0, 0, 0, 0, 0, 0, 0], [0, 0, 0, 0, 0, 0, 0, 0, 0, 0, 0, 0, 0, 0, 0, 0, 0, 0, 0, 0, 0, 0, 0, 0, 0, 0], [0, 0, 0, 0, 0, 0, 0, 0, 0, 0, 0, 0, 0, 0, 0, 0, 0, 0, 0, 0, 0, 0, 0, 0, 0, 0], [0, 0, 0, 0, 0, 0, 0, 0, 0, 0, 0, 0, 0, 0, 0, 0, 0, 0, 0, 0, 0, 0, 0, 0, 0, 0], [0, 0, 0, 0, 0, 0, 0, 0, 0, 0, 0, 0, 0, 0, 0, 0, 0, 0, 0, 0, 0, 0, 0, 0, 0, 0], [0, 0, 0, 0, 0, 0, 0, 0, 0, 0, 0, 0, 0, 0, 0, 0, 0, 0, 0, 0, 0, 0, 0, 0, 0, 0]]
----
